Gun 0.9938 1024 191 1143 326
Gun 0.5577 1040 246 1227 342
Gun 0.4494 1009 226 1208 391
Gun 0.0034 1078 203 1186 324
Gun 0.0033 1152 217 1245 313
Gun 0.0016 1486 301 1534 497
Knife 0.9979 1054 425 1478 543
Knife 0.2447 1324 403 1535 493
Knife 0.0315 1289 373 1520 527
Knife 0.0280 977 474 1498 534
Knife 0.0262 1465 383 1530 519
Knife 0.0056 1508 395 1535 496
Knife 0.0019 1070 455 1555 517
Knife 0.0016 1503 431 1534 512
Knife 0.0014 1251 432 1541 517
Knife 0.0014 1336 377 1465 489
Knife 0.0012 1346 418 1511 471
Knife 0.0012 1516 334 1535 475
Knife 0.0010 1393 417 1528 533
