Gun 0.9983 150 145 267 297
Knife 0.9938 45 306 348 378
Knife 0.9249 39 178 89 356
Knife 0.9076 46 -12 87 360
Knife 0.6638 69 288 344 349
Knife 0.1294 60 -21 101 346
Knife 0.0558 17 -5 71 352
Knife 0.0398 48 174 77 335
Knife 0.0051 23 25 135 321
Knife 0.0026 55 20 71 329
Knife 0.0019 2 27 40 320
Knife 0.0010 73 30 91 226
Wrench 0.9936 52 266 321 335
Wrench 0.0280 48 292 294 331
Wrench 0.0031 55 280 329 315
Wrench 0.0019 43 266 342 296
Wrench 0.0016 92 229 322 357
Scissors 0.6771 34 191 94 359
Scissors 0.0144 16 218 144 349
