Gun 0.9849 114 236 279 345
Gun 0.8355 195 189 304 310
Gun 0.7930 142 175 318 328
Gun 0.0020 260 170 353 330
Knife 0.9906 282 147 420 393
Knife 0.9527 90 62 344 192
Knife 0.1168 251 160 364 343
Knife 0.0747 295 178 404 332
Knife 0.0131 133 153 327 305
Knife 0.0027 158 100 373 196
Knife 0.0023 132 65 463 218
Knife 0.0011 212 155 293 329
Wrench 0.9514 277 157 392 361
Wrench 0.0393 218 162 361 225
Wrench 0.0236 185 178 340 280
Wrench 0.0097 274 165 365 293
Wrench 0.0069 239 138 360 314
Wrench 0.0024 221 158 317 326
Scissors 0.9906 192 53 409 192
Scissors 0.0041 133 29 468 212
