Gun 0.9981 108 190 229 327
Gun 0.0014 81 190 150 331
Knife 0.8550 234 -14 303 308
Knife 0.7916 54 321 318 372
Knife 0.7296 38 319 345 347
Knife 0.6770 262 159 328 331
Knife 0.3423 218 98 312 287
Knife 0.1866 123 172 247 320
Knife 0.1326 248 67 323 318
Knife 0.0508 201 14 341 279
Knife 0.0252 48 306 293 343
Knife 0.0218 292 165 322 325
Knife 0.0089 197 148 334 271
Knife 0.0046 217 130 342 342
Knife 0.0032 276 51 342 334
Knife 0.0013 270 152 307 270
Wrench 0.9757 52 312 325 354
Wrench 0.5182 278 157 331 349
Wrench 0.0031 68 271 298 337
Scissors 0.1336 264 173 332 365
