Gun 0.1092 1503 516 1530 612
Gun 0.0068 1512 453 1530 598
Gun 0.0026 1512 531 1535 645
Gun 0.0014 1484 490 1535 645
Knife 0.5400 6 268 183 512
Knife 0.0263 31 249 233 436
Knife 0.0207 1479 398 1526 589
Knife 0.0134 14 206 75 424
Knife 0.0130 4 233 281 625
Knife 0.0108 -8 343 171 582
Knife 0.0080 40 255 120 481
Knife 0.0069 2 221 102 512
Knife 0.0051 13 274 66 506
Knife 0.0048 1513 417 1530 583
Knife 0.0032 87 314 195 468
Knife 0.0030 1484 454 1530 631
Knife 0.0022 1505 409 1531 489
Knife 0.0012 1474 350 1531 489
Knife 0.0011 149 326 238 450
Knife 0.0010 22 356 131 529
Wrench 0.9491 5 172 171 417
Wrench 0.0896 46 163 209 328
Wrench 0.0204 29 215 118 420
Wrench 0.0174 35 176 135 360
Wrench 0.0116 85 177 180 351
Wrench 0.0046 5 177 80 359
Wrench 0.0017 -19 140 121 351
Wrench 0.0017 -56 217 237 428
Wrench 0.0016 -17 219 204 317
Wrench 0.0016 96 269 199 418
Pliers 0.0200 143 306 239 421
Pliers 0.0084 75 169 195 270
Pliers 0.0076 9 146 189 302
Pliers 0.0011 1507 347 1536 426
Scissors 0.0012 1503 374 1531 450
