Wrench 0.1487 310 654 350 785
Wrench 0.1255 345 696 387 822
Wrench 0.0874 297 658 364 812
Wrench 0.0401 355 724 398 824
Wrench 0.0253 320 746 358 843
Wrench 0.0194 333 681 377 803
Wrench 0.0182 334 749 380 836
Wrench 0.0161 317 684 354 825
Wrench 0.0047 287 699 328 815
Wrench 0.0038 327 764 346 832
Wrench 0.0030 290 663 333 776
Wrench 0.0029 345 769 370 826
Wrench 0.0011 340 794 370 833
Wrench 0.0010 323 792 347 836
Pliers 0.0575 317 693 390 833
Pliers 0.0575 304 643 352 759
Pliers 0.0041 284 638 340 726
Pliers 0.0032 297 626 357 700
