Wrench 0.1999 915 87 1061 278
Wrench 0.0019 938 81 1018 215
Wrench 0.0013 915 97 967 158
Pliers 0.8114 920 115 1072 287
Pliers 0.7221 945 53 1029 154
Pliers 0.2328 913 214 1076 302
Pliers 0.1222 979 59 1043 172
Pliers 0.0836 728 161 817 258
Pliers 0.0430 951 55 996 146
Pliers 0.0427 1039 441 1095 573
Pliers 0.0206 884 101 963 207
Pliers 0.0072 971 60 1017 165
Pliers 0.0064 938 240 1049 289
Pliers 0.0041 1087 188 1175 319
Pliers 0.0040 857 104 933 209
Pliers 0.0022 897 98 940 189
Pliers 0.0018 972 103 1049 256
Pliers 0.0016 745 158 794 243
Pliers 0.0016 914 86 969 144
Pliers 0.0012 921 57 1035 245
Pliers 0.0011 909 62 1051 167
Pliers 0.0010 1006 412 1091 543
Pliers 0.0010 1051 475 1091 566
Pliers 0.0010 878 83 965 124
