Wrench 0.0219 567 282 608 403
Wrench 0.0163 780 220 832 342
Wrench 0.0024 787 259 835 381
Wrench 0.0015 757 268 798 344
Wrench 0.0014 729 270 790 371
Wrench 0.0012 805 255 836 337
Pliers 0.3271 692 239 777 331
Pliers 0.2619 600 394 851 487
Pliers 0.1286 721 253 795 341
Pliers 0.0216 689 273 762 376
Pliers 0.0076 700 224 818 339
Pliers 0.0038 533 302 580 433
Pliers 0.0031 783 196 838 320
Pliers 0.0028 625 274 751 413
Pliers 0.0010 707 264 760 327
Scissors 0.9950 552 370 622 466
Scissors 0.9124 597 267 671 341
Scissors 0.0851 577 277 625 369
Scissors 0.0600 598 272 650 325
Scissors 0.0235 626 261 707 341
Scissors 0.0176 521 382 660 455
Scissors 0.0140 616 273 667 324
Scissors 0.0075 574 392 663 475
Scissors 0.0039 577 387 629 451
Scissors 0.0036 619 286 669 345
Scissors 0.0022 595 391 639 446
Scissors 0.0022 587 427 784 488
Scissors 0.0018 582 270 633 327
Scissors 0.0016 638 281 687 332
Scissors 0.0012 529 384 603 472
