Wrench 0.7380 257 795 525 857
Wrench 0.6574 367 727 538 759
Wrench 0.0198 781 461 827 579
Wrench 0.0109 367 775 534 850
Wrench 0.0106 294 660 441 696
Wrench 0.0056 232 819 494 869
Wrench 0.0047 409 777 528 815
Wrench 0.0033 414 789 523 833
Wrench 0.0032 775 463 805 557
Wrench 0.0024 237 677 355 781
Wrench 0.0024 375 763 495 798
Wrench 0.0023 347 794 487 833
Wrench 0.0023 296 748 554 851
Wrench 0.0017 336 755 523 825
Wrench 0.0015 402 721 561 789
Wrench 0.0010 277 858 523 871
Pliers 0.8921 55 511 250 615
Pliers 0.4956 203 719 325 838
Pliers 0.2111 27 471 150 593
Pliers 0.0182 246 696 336 826
Pliers 0.0060 254 669 377 846
Pliers 0.0037 76 476 223 582
Pliers 0.0035 278 692 358 820
Pliers 0.0012 41 469 195 630
