Knife 0.0051 860 680 892 806
Wrench 0.5291 155 685 199 799
Wrench 0.0705 123 678 205 807
Wrench 0.0285 40 630 102 706
Wrench 0.0085 12 730 68 762
Wrench 0.0050 4 736 72 790
Wrench 0.0034 3 725 128 768
Wrench 0.0018 35 737 166 791
Wrench 0.0017 2 745 34 782
Wrench 0.0015 19 714 64 747
Wrench 0.0010 12 763 65 798
Pliers 0.0114 1 724 89 772
Pliers 0.0047 6 515 133 619
Pliers 0.0024 3 726 33 765
Pliers 0.0022 2 536 36 643
Pliers 0.0019 0 708 39 784
Pliers 0.0014 5 539 69 605
Scissors 0.3905 846 621 908 708
Scissors 0.3300 798 615 912 683
Scissors 0.0072 863 656 893 796
Scissors 0.0069 786 700 848 756
Scissors 0.0052 706 695 752 725
Scissors 0.0047 842 633 911 670
Scissors 0.0023 773 712 826 744
Scissors 0.0022 761 716 837 766
Scissors 0.0021 852 641 911 777
Scissors 0.0017 704 708 753 734
Scissors 0.0014 767 727 828 757
Scissors 0.0013 808 658 888 773
Scissors 0.0013 909 623 965 715
Scissors 0.0012 8 527 135 581
Scissors 0.0011 769 633 885 697
Scissors 0.0011 3 559 70 619
Scissors 0.0011 745 667 830 769
