Wrench 0.4338 558 562 657 603
Wrench 0.2670 507 549 663 608
Wrench 0.0356 531 553 642 587
Wrench 0.0294 582 537 667 626
Wrench 0.0106 654 547 684 642
Wrench 0.0071 496 553 600 582
Wrench 0.0051 516 568 618 599
Wrench 0.0050 568 539 681 580
Wrench 0.0048 583 573 664 613
Wrench 0.0030 544 344 581 399
Wrench 0.0023 505 546 626 575
Wrench 0.0015 478 511 575 550
Wrench 0.0012 595 558 686 611
Wrench 0.0012 519 351 609 392
Pliers 0.9195 633 522 687 635
Pliers 0.0052 656 538 696 632
Pliers 0.0031 596 544 685 595
Pliers 0.0019 655 494 713 617
Pliers 0.0010 626 550 703 615
