Wrench 0.6112 575 562 668 608
Wrench 0.3135 507 550 667 609
Wrench 0.1531 551 553 661 592
Wrench 0.0297 545 345 583 399
Wrench 0.0295 656 549 686 640
Wrench 0.0093 533 565 645 600
Wrench 0.0063 522 351 608 392
Wrench 0.0056 514 553 623 585
Wrench 0.0056 566 542 684 578
Wrench 0.0022 553 353 576 389
Wrench 0.0016 524 544 647 576
Wrench 0.0011 552 555 673 633
Wrench 0.0011 497 543 600 575
Pliers 0.7434 634 528 690 634
Pliers 0.0129 658 540 696 632
Pliers 0.0027 597 546 686 594
Pliers 0.0025 654 494 712 616
Pliers 0.0022 626 552 705 614
