Wrench 0.0644 629 488 679 586
Wrench 0.0584 398 551 487 731
Wrench 0.0292 640 493 724 644
Wrench 0.0218 410 607 528 748
Wrench 0.0080 386 528 562 758
Wrench 0.0061 685 508 731 643
Wrench 0.0037 650 494 701 617
Wrench 0.0017 641 482 701 561
Wrench 0.0015 388 657 513 728
Wrench 0.0013 668 464 736 609
Wrench 0.0012 621 494 726 576
Wrench 0.0012 708 507 746 644
Pliers 0.7978 615 614 730 736
Pliers 0.2162 394 514 479 685
Pliers 0.0877 640 644 714 734
Pliers 0.0633 658 527 740 669
Pliers 0.0202 592 639 720 711
Pliers 0.0041 504 518 606 686
Pliers 0.0022 554 529 647 665
Pliers 0.0021 414 506 463 644
Pliers 0.0019 649 538 710 650
Pliers 0.0014 384 501 566 719
Pliers 0.0013 406 533 533 682
Pliers 0.0011 592 546 751 747
