Wrench 0.9635 257 331 378 405
Wrench 0.8927 370 361 395 473
Wrench 0.5610 239 317 364 441
Wrench 0.0164 355 371 392 473
Wrench 0.0112 373 372 388 501
Wrench 0.0017 371 342 389 445
Wrench 0.0015 6 399 106 545
Wrench 0.0013 111 327 154 413
Wrench 0.0010 278 356 366 399
Wrench 0.0010 22 421 86 524
Pliers 0.9968 67 407 170 533
Pliers 0.9868 232 329 352 462
Pliers 0.0108 290 376 363 474
Pliers 0.0031 260 352 379 493
Pliers 0.0014 23 424 144 518
Pliers 0.0014 246 314 402 428
Pliers 0.0012 3 356 170 488
Pliers 0.0011 233 335 312 426
