Wrench 0.1888 1339 602 1436 726
Wrench 0.0902 688 671 753 834
Wrench 0.0882 708 697 750 819
Wrench 0.0198 1369 597 1426 693
Wrench 0.0127 686 705 734 814
Wrench 0.0100 665 726 709 830
Wrench 0.0078 1394 598 1448 690
Wrench 0.0034 1335 602 1404 694
Wrench 0.0012 1335 600 1456 656
Pliers 0.8957 1302 615 1426 733
Pliers 0.0621 1328 615 1403 710
Pliers 0.0156 1332 649 1400 747
Pliers 0.0121 1277 597 1447 694
Pliers 0.0047 1309 634 1384 724
Pliers 0.0025 1365 624 1421 734
Pliers 0.0021 1284 565 1440 599
