Wrench 0.2203 112 613 217 650
Wrench 0.0024 250 694 353 736
Wrench 0.0020 246 715 360 743
Wrench 0.0011 140 593 258 626
Wrench 0.0011 102 676 199 713
Wrench 0.0010 286 649 386 678
Pliers 0.9946 125 634 229 682
Pliers 0.9709 677 514 778 606
Pliers 0.6284 240 671 337 717
Pliers 0.3635 679 527 797 578
Pliers 0.2983 106 616 228 671
Pliers 0.0098 118 649 217 696
Pliers 0.0059 240 693 338 737
Pliers 0.0041 274 647 374 678
Pliers 0.0040 272 675 364 716
Pliers 0.0028 234 713 342 744
Pliers 0.0014 237 656 371 703
Pliers 0.0013 702 523 748 586
