Wrench 0.9688 244 146 303 281
Wrench 0.1897 304 184 329 278
Wrench 0.1479 252 182 310 308
Wrench 0.0551 307 111 339 282
Wrench 0.0508 313 120 334 236
Wrench 0.0136 312 159 333 274
Wrench 0.0107 240 89 308 245
Wrench 0.0061 277 225 315 304
Wrench 0.0053 286 192 330 300
Wrench 0.0045 258 157 293 270
Wrench 0.0030 304 118 329 218
Wrench 0.0027 263 121 321 279
Wrench 0.0017 213 142 317 257
Wrench 0.0016 263 195 299 298
Wrench 0.0011 294 98 335 238
Wrench 0.0010 230 133 334 310
Pliers 0.9608 230 157 302 271
Pliers 0.0050 215 197 312 302
Pliers 0.0035 241 170 287 261
