Wrench 0.9908 240 513 399 773
Wrench 0.9824 135 496 340 593
Wrench 0.5259 297 512 328 600
Wrench 0.0845 303 529 323 586
Wrench 0.0374 303 532 379 757
Wrench 0.0208 311 528 329 585
Wrench 0.0134 302 521 338 621
Wrench 0.0067 296 531 317 585
Wrench 0.0052 294 528 333 568
Wrench 0.0031 287 545 326 598
Wrench 0.0022 187 665 271 728
Wrench 0.0021 227 586 344 756
Wrench 0.0018 260 521 381 661
Wrench 0.0011 277 534 320 583
Pliers 0.9598 197 598 262 695
Pliers 0.8986 279 521 409 724
Pliers 0.1760 199 610 294 737
Pliers 0.0031 204 653 275 727
