Wrench 0.9795 405 241 554 313
Wrench 0.9623 443 62 504 325
Wrench 0.9560 361 71 467 278
Wrench 0.3712 390 119 451 329
Wrench 0.3004 390 63 512 260
Wrench 0.1022 398 178 437 309
Wrench 0.0951 447 244 517 308
Wrench 0.0917 447 237 550 289
Wrench 0.0149 474 245 543 309
Wrench 0.0125 404 115 493 330
Wrench 0.0057 434 172 526 317
Wrench 0.0056 422 241 478 309
Wrench 0.0017 381 122 416 291
Wrench 0.0013 505 252 558 302
Wrench 0.0013 419 224 542 272
Wrench 0.0012 401 231 450 313
Wrench 0.0010 375 157 435 326
