Gun 0.0635 238 364 334 398
Gun 0.0181 246 296 284 357
Gun 0.0036 171 341 185 395
Gun 0.0034 143 335 183 390
Gun 0.0019 52 305 175 390
Knife 0.9298 436 61 511 222
Knife 0.4584 516 81 538 209
Knife 0.1528 509 106 531 216
Knife 0.1039 51 19 108 140
Knife 0.0260 74 298 155 391
Knife 0.0157 522 101 531 228
Knife 0.0125 468 80 504 203
Knife 0.0075 117 270 176 399
Knife 0.0041 511 54 550 210
Knife 0.0039 129 281 164 386
Knife 0.0039 513 103 525 226
Knife 0.0034 503 69 526 194
Knife 0.0023 46 30 74 127
Knife 0.0017 451 78 495 204
Knife 0.0016 498 68 537 221
Knife 0.0016 71 10 130 122
Knife 0.0012 138 302 179 390
Wrench 0.7951 83 25 138 138
Pliers 0.9981 45 293 76 391
